10.00 5.442,
10.65 5.419,
11.35 5.406,
12.08 5.409,
12.87 5.432,
13.71 5.483,
14.60 5.571,
15.56 5.702,
16.57 5.880,
17.65 6.099,
18.80 6.347,
20.02 6.606,
21.33 6.900,
22.72 7.190,
24.20 7.466,
25.78 7.719,
27.46 7.942,
29.24 8.127,
31.15 8.270,
33.18 8.366,
35.34 8.411,
37.64 8.408,
40.10 8.362,
42.71 8.284,
45.49 8.180,
48.46 8.053,
51.62 7.904,
54.98 7.728,
58.56 7.519,
62.38 7.264,
66.44 6.952,
70.77 6.570,
75.38 6.119,
80.29 5.606,
85.53 5.043,
91.10 4.442,
97.03 3.816,
103 3.175,
110 2.534,
117 1.909,
125 1.322,
133 0.805,
142 0.381,
151 0.060,
161 -0.167,
171 -0.321,
182 -0.426,
194 -0.497,
207 -0.545,
220 -0.578,
235 -0.597,
250 -0.602,
266 -0.589,
284 -0.563,
302 -0.527,
322 -0.488,
343 -0.493,
365 -0.561,
389 -0.563,
414 -0.493,
441 -0.365,
470 -0.215,
501 -0.064,
533 0.027,
568 0.061,
605 0.039,
645 -0.003,
687 -0.023,
731 -0.033,
779 -0.055,
830 -0.095,
884 -0.147,
942 -0.094,
1003 0.024,
1068 0.229,
1138 0.420,
1212 0.551,
1291 0.625,
1375 0.626,
1465 0.551,
1560 0.443,
1662 0.329,
1770 0.235,
1885 0.122,
2008 -0.020,
2139 -0.187,
2278 -0.346,
2427 -0.459,
2585 -0.543,
2754 -0.613,
2933 -0.647,
3124 -0.672,
3328 -0.677,
3544 -0.689,
3775 -0.691,
4021 -0.670,
4283 -0.637,
4563 -0.585,
4860 -0.552,
5177 -0.548,
5514 -0.562,
5873 -0.592,
6256 -0.603,
6663 -0.584,
7098 -0.534,
7560 -0.486,
8053 -0.459,
8577 -0.464,
9136 -0.481,
9732 -0.507,
10366 -0.530,
11041 -0.565,
11760 -0.623,
12527 -0.690,
13343 -0.772,
14212 -0.856,
15139 -0.939,
16125 -1.040,
17176 -1.133,
18295 -1.238,
19487 -1.319
