10.00 5.442,
10.65 5.419,
11.35 5.406,
12.08 5.409,
12.87 5.432,
13.71 5.483,
14.60 5.571,
15.56 5.702,
16.57 5.880,
17.65 6.099,
18.80 6.347,
20.02 6.606,
21.33 6.900,
22.72 7.190,
24.20 7.466,
25.78 7.719,
27.46 7.942,
29.24 8.127,
31.15 8.270,
33.18 8.366,
35.34 8.411,
37.64 8.408,
40.10 8.362,
42.71 8.284,
45.49 8.180,
48.46 8.053,
51.62 7.904,
54.98 7.728,
58.56 7.519,
62.38 7.264,
66.44 6.952,
70.77 6.570,
75.38 6.119,
80.29 5.606,
85.53 5.043,
91.10 4.442,
97.03 3.816,
103 3.175,
110 2.534,
117 1.909,
125 1.322,
133 0.805,
142 0.381,
151 0.060,
161 -0.167,
171 -0.321,
182 -0.426,
194 -0.497,
207 -0.545,
220 -0.578,
235 -0.597,
250 -0.602,
266 -0.589,
284 -0.563,
302 -0.527,
322 -0.488,
343 -0.509,
365 -0.630,
389 -0.678,
414 -0.636,
441 -0.505,
470 -0.329,
501 -0.135,
533 0.005,
568 0.081,
605 0.079,
645 0.032,
687 -0.014,
731 -0.050,
779 -0.070,
830 -0.088,
884 -0.127,
942 -0.094,
1003 -0.039,
1068 0.081,
1138 0.209,
1212 0.331,
1291 0.425,
1375 0.475,
1465 0.451,
1560 0.373,
1662 0.284,
1770 0.225,
1885 0.180,
2008 0.151,
2139 0.126,
2278 0.106,
2427 0.105,
2585 0.117,
2754 0.120,
2933 0.139,
3124 0.150,
3328 0.150,
3544 0.132,
3775 0.103,
4021 0.089,
4283 0.079,
4563 0.096,
4860 0.114,
5177 0.131,
5514 0.152,
5873 0.149,
6256 0.137,
6663 0.126,
7098 0.117,
7560 0.109,
8053 0.097,
8577 0.075,
9136 0.043,
9732 0.011,
10366 -0.024,
11041 -0.070,
11760 -0.097,
12527 -0.107,
13343 -0.106,
14212 -0.098,
15139 -0.094,
16125 -0.097,
17176 -0.097,
18295 -0.099,
19487 -0.102
