10.00 5.442,
10.65 5.419,
11.35 5.406,
12.08 5.409,
12.87 5.432,
13.71 5.483,
14.60 5.571,
15.56 5.702,
16.57 5.880,
17.65 6.099,
18.80 6.347,
20.02 6.606,
21.33 6.900,
22.72 7.190,
24.20 7.466,
25.78 7.719,
27.46 7.942,
29.24 8.127,
31.15 8.270,
33.18 8.366,
35.34 8.411,
37.64 8.408,
40.10 8.362,
42.71 8.284,
45.49 8.180,
48.46 8.053,
51.62 7.904,
54.98 7.728,
58.56 7.519,
62.38 7.264,
66.44 6.952,
70.77 6.570,
75.38 6.119,
80.29 5.606,
85.53 5.043,
91.10 4.442,
97.03 3.816,
103 3.175,
110 2.534,
117 1.909,
125 1.322,
133 0.805,
142 0.381,
151 0.060,
161 -0.167,
171 -0.321,
182 -0.426,
194 -0.497,
207 -0.545,
220 -0.578,
235 -0.597,
250 -0.602,
266 -0.589,
284 -0.563,
302 -0.527,
322 -0.488,
343 -0.461,
365 -0.504,
389 -0.612,
414 -0.744,
441 -0.851,
470 -0.882,
501 -0.797,
533 -0.630,
568 -0.378,
605 -0.134,
645 0.091,
687 0.259,
731 0.339,
779 0.381,
830 0.337,
884 0.258,
942 0.159,
1003 0.065,
1068 0.035,
1138 -0.004,
1212 -0.020,
1291 -0.089,
1375 -0.200,
1465 -0.300,
1560 -0.376,
1662 -0.410,
1770 -0.446,
1885 -0.518,
2008 -0.661,
2139 -0.887,
2278 -1.158,
2427 -1.434,
2585 -1.655,
2754 -1.781,
2933 -1.848,
3124 -1.892,
3328 -1.941,
3544 -2.002,
3775 -2.070,
4021 -2.122,
4283 -2.159,
4563 -2.182,
4860 -2.200,
5177 -2.236,
5514 -2.286,
5873 -2.383,
6256 -2.488,
6663 -2.574,
7098 -2.629,
7560 -2.643,
8053 -2.669,
8577 -2.734,
9136 -2.837,
9732 -2.938,
10366 -2.997,
11041 -3.025,
11760 -3.041,
12527 -3.085,
13343 -3.156,
14212 -3.253,
15139 -3.314,
16125 -3.385,
17176 -3.426,
18295 -3.439,
19487 -3.458
