10.00 5.442,
10.65 5.419,
11.35 5.406,
12.08 5.409,
12.87 5.432,
13.71 5.483,
14.60 5.571,
15.56 5.702,
16.57 5.880,
17.65 6.099,
18.80 6.347,
20.02 6.606,
21.33 6.900,
22.72 7.190,
24.20 7.466,
25.78 7.719,
27.46 7.942,
29.24 8.127,
31.15 8.270,
33.18 8.366,
35.34 8.411,
37.64 8.408,
40.10 8.362,
42.71 8.284,
45.49 8.180,
48.46 8.053,
51.62 7.904,
54.98 7.728,
58.56 7.519,
62.38 7.264,
66.44 6.952,
70.77 6.570,
75.38 6.119,
80.29 5.606,
85.53 5.043,
91.10 4.442,
97.03 3.816,
103 3.175,
110 2.534,
117 1.909,
125 1.322,
133 0.805,
142 0.381,
151 0.060,
161 -0.167,
171 -0.321,
182 -0.426,
194 -0.497,
207 -0.545,
220 -0.578,
235 -0.597,
250 -0.602,
266 -0.589,
284 -0.563,
302 -0.527,
322 -0.488,
343 -0.372,
365 -0.075,
389 0.190,
414 0.403,
441 0.539,
470 0.612,
501 0.611,
533 0.559,
568 0.428,
605 0.253,
645 0.037,
687 -0.200,
731 -0.386,
779 -0.521,
830 -0.589,
884 -0.552,
942 -0.430,
1003 -0.287,
1068 -0.151,
1138 -0.063,
1212 -0.040,
1291 -0.023,
1375 -0.048,
1465 -0.081,
1560 -0.137,
1662 -0.203,
1770 -0.256,
1885 -0.286,
2008 -0.254,
2139 -0.195,
2278 -0.123,
2427 -0.099,
2585 -0.154,
2754 -0.261,
2933 -0.413,
3124 -0.568,
3328 -0.754,
3544 -1.018,
3775 -1.364,
4021 -1.795,
4283 -2.289,
4563 -2.825,
4860 -3.340,
5177 -3.799,
5514 -4.118,
5873 -4.309,
6256 -4.387,
6663 -4.412,
7098 -4.334,
7560 -4.148,
8053 -3.984,
8577 -3.838,
9136 -3.696,
9732 -3.595,
10366 -3.543,
11041 -3.654,
11760 -3.989,
12527 -4.413,
13343 -4.842,
14212 -5.306,
15139 -5.645,
16125 -5.993,
17176 -6.339,
18295 -6.750,
19487 -7.170
