10.00 5.442,
10.65 5.419,
11.35 5.406,
12.08 5.409,
12.87 5.432,
13.71 5.483,
14.60 5.571,
15.56 5.702,
16.57 5.880,
17.65 6.099,
18.80 6.347,
20.02 6.606,
21.33 6.900,
22.72 7.190,
24.20 7.466,
25.78 7.719,
27.46 7.942,
29.24 8.127,
31.15 8.270,
33.18 8.366,
35.34 8.411,
37.64 8.408,
40.10 8.362,
42.71 8.284,
45.49 8.180,
48.46 8.053,
51.62 7.904,
54.98 7.728,
58.56 7.519,
62.38 7.264,
66.44 6.952,
70.77 6.570,
75.38 6.119,
80.29 5.606,
85.53 5.043,
91.10 4.442,
97.03 3.816,
103 3.175,
110 2.534,
117 1.909,
125 1.322,
133 0.805,
142 0.381,
151 0.060,
161 -0.167,
171 -0.321,
182 -0.426,
194 -0.497,
207 -0.545,
220 -0.578,
235 -0.597,
250 -0.602,
266 -0.589,
284 -0.563,
302 -0.527,
322 -0.488,
343 -0.385,
365 -0.123,
389 0.118,
414 0.307,
441 0.412,
470 0.453,
501 0.434,
533 0.394,
568 0.297,
605 0.172,
645 0.030,
687 -0.086,
731 -0.180,
779 -0.251,
830 -0.338,
884 -0.427,
942 -0.507,
1003 -0.568,
1068 -0.601,
1138 -0.607,
1212 -0.597,
1291 -0.592,
1375 -0.613,
1465 -0.653,
1560 -0.739,
1662 -0.823,
1770 -0.919,
1885 -0.944,
2008 -0.925,
2139 -0.862,
2278 -0.802,
2427 -0.807,
2585 -0.877,
2754 -1.042,
2933 -1.248,
3124 -1.471,
3328 -1.708,
3544 -1.972,
3775 -2.320,
4021 -2.716,
4283 -3.175,
4563 -3.667,
4860 -4.176,
5177 -4.646,
5514 -4.948,
5873 -5.094,
6256 -5.096,
6663 -5.114,
7098 -5.132,
7560 -5.110,
8053 -5.124,
8577 -5.132,
9136 -5.101,
9732 -5.013,
10366 -4.951,
11041 -5.192,
11760 -5.672,
12527 -6.261,
13343 -6.812,
14212 -7.313,
15139 -7.630,
16125 -7.905,
17176 -8.185,
18295 -8.581,
19487 -9.202
